1

4096

473875160
1514243079
2786108504
49076338
2220054155
203640169
2030189866
2764358216
2769431745
445633677
2658534206
3167392260
3488125791
3747798975
3791962934
1473755649
1197256573
771700660
2497295452
968022981
106603251
3759610181
1886390420
4134147931
2415860981
3823030552
808122586
2126202564
1589904587
1078193074
2183536558
2966145874
1661515667
3870259512
4227712099
2554876216
2229393866
2707230
1094483533
2899392500
4286594955
3936606850
1026755730
2812104712
1555066551
655719564
2912938919
3001350187
3539332089
1201991104
2480725336
936454114
806970638
1558222631
2967361420
3854405495
2793933638
106948077
2097034320
763031001
1782910370
1368462206
3605826963
1537347193
3060565657
1708620799
649330108
1508446135
4231837447
2591931969
1802922852
1689526719
3250176014
1282956389
2784866706
3874483500
955218704
3162751992
2820098785
1748127370
854377263
1871674230
2199524107
586577853
1544951478
2609153963
769055898
393033735
1398297098
3493796798
2527989641
281322075
3800744172
831197810
3240139881
4028280879
3766595281
1219903437
3397521236
3153123166
2982160141
392866181
2150905264
2196682057
2928749740
2584227742
3671035574
2767916884
1457507883
4273618528
1815428940
3352160572
1790707626
2325515187
2302610920
1537596855
3032996403
2978147952
1574668253
392099798
3532370362
2779813735
2457562370
1878540099
1714022435
2049913792
843042757
2354655974
1074448851
3988822574
284345394
2505076054
1025306433
1716699452
2856975186
2636884528
2174038334
2830947682
2454558280
400603634
1650176551
2528489704
253339171
3759500859
2657640091
4261275570
2963062703
212805018
500472597
3155968514
1573536158
1986541654
3412281226
1124204434
3369726785
1985052862
3202162690
2385588923
3824928661
3395521492
3648080274
2298835259
2128572583
3244524384
2252496908
3272420397
1335207601
426577853
3928989637
1973604921
445095414
4151896117
3117987555
205789431
1254085604
3341304003
2652063904
1771083600
1335523155
185696746
3292466122
2731466574
1065293956
3099711144
3055184418
1016924900
2402787652
3280519321
1504087523
2844427438
835711328
2993865066
3277382760
1535093233
1083393084
4148624847
109038050
3909204425
812368754
2563917540
1124380941
1685837546
3482946391
2543623271
1662461189
2053765083
1095719417
2893062594
3607890883
2566956364
2055165106
2635078637
2044182417
3081532268
2940208150
3497102544
2190613302
2726874206
2725326121
404484708
2567082854
3319681055
584233700
2302667455
3729839556
2447526467
404087149
2476895796
1178939477
4039100567
1619180997
1520042768
346918592
1820356362
216513
228353838
1246143964
4026458369
390320118
54458067
2039443131
3259811602
213881496
3417533210
1113979211
3030020004
1669878452
23862833
1113100671
8639507
4258910315
70637240
701714451
2833346864
3301730416
1239402339
1066656108
1887203703
3345712443
1281328832
3012837201
1054793479
3352392339
1541759517
4028952418
1887842918
720987895
4092266825
3663755717
545856744
2411846369
3181579691
798466322
2702869338
1274941409
893572841
831750591
3323561301
3885675574
971063956
789460495
3285028028
3159702684
2258722795
2101854468
4057581834
911602665
2392480123
2266933826
1188455427
3498529152
643227428
1078387201
3478087112
1520788799
3676301595
1544462696
2972720780
3011240525
298592193
323358569
2649363262
3656407440
4081066697
2386755980
2044494493
3505032053
1466160092
1075089561
813668339
2425453637
2400082151
124990623
59522251
3588713208
1208475173
2525196197
3305346141
152350301
1818422331
1184212783
738292825
1417151591
3624426682
2672184337
2000442306
401568503
2816384189
2749391674
2103516673
1080191854
583980157
584341810
1972794055
294541332
3337705082
3746071651
1845137539
2890954714
3048150204
3214337187
3984285423
4094536785
2449152798
3969308697
2426535822
1974359879
1267865032
1745982300
3257654809
332087493
3488031503
3143262051
1776383139
2332195799
328737462
899153830
3940050373
3213152343
985208982
630911924
1294945187
391947368
3335391168
2679200613
2422098894
2610893236
1470636370
999476074
1128185309
443817744
2402703725
767000757
4167459998
1293240113
411407282
2661244844
967768806
3501098064
2043593937
936743201
2819500061
4236726621
1843856668
1231190707
1643365167
1444051307
2060762863
105681417
25307506
4182110007
830640695
704263592
3256441878
1923066199
991556403
128457033
1682808505
658505432
2197346982
3985351719
711853250
2811249151
2303289903
2499783973
2862250375
2346905526
1920220994
2793585421
4265253914
3101561741
914417729
245354271
3859265410
1082353119
3689174190
2652638194
909862646
2172088106
212997022
2416025030
1403036231
3423147050
2559296658
1112599954
3486199127
2569985369
3776990139
30960414
1616779449
1668926916
319923570
1462397319
4209222618
2320474594
3237683949
1274038499
1379259301
2737109134
4172848085
1420349924
916334815
315283253
3407746714
677072310
370021731
1526455180
3246127395
3033925126
844941643
3627805767
1966318577
2586241552
511039684
1186377635
1188668496
108221592
822507356
2054025093
2695829233
2559415406
500714041
1084259308
2267008649
824005013
4167914591
434356600
3236044780
3519225244
2374614776
4147025827
2635665146
2478739891
995364249
2406379247
1978308698
2533526571
1321837978
3255274351
2528047000
1390475375
3468872212
1462326055
888672657
1972929007
1290870670
1467825276
2685012977
30438463
2476666812
519946580
3954194777
682656605
3083102207
3664795335
111133772
377756900
2862783715
1809928051
99246997
1099302126
1137864779
153097726
2253603068
513765987
877898279
3035205012
1365437187
2351570151
2141673757
90542343
355404158
85480071
954116991
3200946652
2845147981
2457339876
1258892049
3100517224
271669244
877957145
437546808
3657000332
1238062932
3090284034
1319069389
3149550080
921270734
4072087446
3964670316
3950502378
75416208
2332483863
2577837646
3095750419
1384249731
1477121627
22769437
3422373954
524502832
1197999731
810416960
3237069699
3955658606
4177836896
1067001939
1420915515
1234784167
388723182
2478995009
2161128730
761603655
51999404
1038882189
2705349032
1811314228
2735129106
3500981364
280591445
1601998754
3617655250
4276429951
4001908251
277054482
150178058
772382139
3885875993
979960092
3632732217
2505852981
1091911683
459059120
3081573274
3365833
2462601114
772313811
1869739567
1722543754
4177657255
2659506401
2609540754
1987569499
1132617013
4145032197
1742452068
1982368101
3873073814
2478364258
173656203
1557578506
4153519688
2185750960
2129674506
281226349
1642484282
89181012
1372611076
4126381682
1447839998
1118683226
1686973583
2945199871
2410145113
2518651804
4079132878
690024847
2934742763
2825440640
2469635008
977143234
1527023821
383350841
68255304
675737763
1031853434
1043594982
3088014257
3975977526
3022866515
2896142178
3813148662
879958570
3672450522
2650386539
2195424362
3138622940
1784544502
974883452
3103206937
54866487
418353053
3776370527
2525948462
2646161821
1814986431
3296385636
333978463
2091092644
3384035650
3671726555
343918023
2490321814
3739117707
3212575312
2013910523
2439972714
747336962
2020005074
3699138051
3138372311
1097987987
1475604278
2458618459
2436042242
986029395
4213807600
1475541526
151650727
2037381273
290026023
2110813883
3899656040
334568759
2622597267
2695915380
366431493
152857681
434302272
2782073730
3694398399
2285574516
2620414701
917386064
2653934326
4090719094
3706245885
3980897884
4247824382
1647566275
219383399
2441446682
960918531
1346421366
1799023704
848850753
2082286581
1307915346
3835394032
3530615861
1312830672
2451189938
882989702
1017437649
1737341202
2029669391
61431113
427424332
2290129859
2726849141
1358274205
964500033
1673946800
834571909
1109195899
62907426
2076919967
796502697
3768449280
4121481023
687359338
3797469473
33615719
3442049929
2215566163
1707376246
3627000173
3958839054
1149285754
256189337
3637300051
1770329244
3626441028
4195202480
889154887
1331856474
2637946643
3898378120
1344307587
547585588
1928923529
2817859373
1403717445
3961725571
3139170410
2572492563
2239699224
1124572431
1433064647
259675778
3965270872
2815127810
3974505960
2925063795
4206283258
450928592
4164304306
61533618
3905084332
787593320
1664500395
1853907052
1902026898
1112126294
3388585198
3076164975
391851998
3850380649
4119698188
2311041899
1073765623
2719645814
4180476850
3138409577
3831575411
4902753
1683733320
2532513721
2361932890
2017060262
1903194492
1297487028
3191122336
3205215971
1468440650
2323922676
22947032
3310880379
2919056176
803682574
3892351797
362777293
4215084988
720365543
4255578583
4115627974
292446662
3905748495
1854250291
2731286427
2327657492
804281845
3738894703
665684318
3394179278
1137421528
798644744
1430892388
1184934628
2896104425
1358582151
1626781651
917119718
285027319
3291678642
4076506216
1810323924
3969696028
2723214060
667188714
4254508994
4184195507
894210979
2230285382
3313698839
324895374
1812149772
4217897513
235078846
3403612812
1563577544
1353145780
3023750611
1736684391
206190719
2673551612
3033296445
3063836940
1943354418
1648859447
1376233329
2111804038
2066283477
925517398
2048962986
2463544038
3871927114
889826048
1315664231
1120042788
3195529649
1180426570
3040895226
2955930480
1499592867
405197047
657739512
4054405368
4209982775
2707676972
2872886565
3891009429
26334056
1108213003
492548057
3089401921
4205868846
1107910483
1316905495
707910097
1265350464
1253707903
1792792733
683756812
3719366857
333915852
124818990
2811963729
3418524566
3424882963
2954037152
3121606129
3466840136
166213554
654921288
2670402925
3747176463
79698064
3023358182
2071517866
2607623197
2924439224
744238746
2284949544
3396501492
2883860765
4097924778
3786945226
4254416126
747601525
1550644495
1083960031
2190964322
525629831
2394389592
2249593436
1374875212
1117175918
3237811694
3294138502
1712934144
1441870705
781965189
2312985054
266579995
1286606193
148215483
3702151764
401766888
3891022012
2867345547
2561512156
535838225
1126069357
3808483334
4138186937
1281724379
268011836
4124890766
2070766236
455508030
1809623724
733196812
2227719124
32889817
2091999940
265408034
108838457
1999678157
57763278
3411857922
567426303
1055923295
384378012
1402428366
1736040567
3385480431
1102837334
226252031
345253561
3594161830
1589629238
2768736976
1163304002
2035621812
2275619462
3244880107
2663164807
3746474296
575566376
75454764
3614096308
581069429
236883275
1377845897
1919883573
3244232043
704942924
3545460676
3149931398
3130652295
1726435534
1503525941
1452724260
1586392927
2070945912
2362944577
2915981345
1769455188
1761769951
258388895
1180352590
2282158929
854300181
484216419
3586121507
2968705800
4154811827
3078598075
3165061752
3307459614
3743222111
764231864
1124579224
884879307
128410784
560939325
3389263343
927057933
525201438
1299109229
3517357405
1252419866
2558183127
167042242
1540663236
1672048356
2351123277
3405590232
4119160352
3718927760
722044146
2629720434
848964465
767974340
2398908188
1188036978
2043917744
2384797840
560014693
3310182033
1011102544
4124054861
3181521845
2162630858
2690962429
1767442631
2185265361
2558322764
2214532595
2251114178
3794365573
3638533451
3585411603
682450881
4117281058
333017158
2471363381
595415887
2753076007
1821741144
1978358271
759181100
3842076253
1489979724
1431831926
2359050099
2558569502
3439142254
1040349109
4178389998
3625765288
3647837258
3738873227
1090759728
2159932861
2521823319
1551657559
854076717
4241734645
1231820560
3739282562
2909583189
321699963
166080277
1461342324
2753126013
1759379328
1827534491
1403656594
1053048878
3099265095
1834300695
3855512182
3674732654
555646731
2278875818
3252413102
478485850
1801130681
2467699970
1281627854
961126192
1769657540
3991898907
2764531572
3190062258
841531408
610012649
2952259641
692011158
2361219818
3191340137
4194587827
1392834867
1647297753
2761484021
2317808209
920805838
1283477079
3251792005
15253706
3856514652
520743354
3067950878
1312805581
4130699278
1628957482
3417601947
156439085
389270458
1908509108
2324311236
1429601950
234520622
3807253601
615808775
3840911502
2809450181
3795652005
1295055186
3711812693
86465808
3436947013
481512450
3546885163
103893393
3977662129
75804706
3881502346
436260216
1714557332
3162698857
838443491
3046248080
4043649923
4160645185
3455617193
1757010435
2016347230
472224560
361707486
2440915226
780039624
1482678980
818297090
4218962571
2461898423
3551611191
2467042891
2588293914
2963577650
1162755613
3622171257
230838062
3176980497
2359503575
1424375244
4175439778
519327397
1339052679
2041889637
4119494450
150830393
1060227621
1210083633
79543034
2870926482
3532079528
3317454894
1058971485
1768211988
4152420555
3202701760
2977805002
2510203883
2090688784
2064559016
1098501973
992683254
2748545469
1631123713
1534772596
3810107174
2607024035
467874892
1716001985
2893733503
876039505
788137734
156096198
2981581537
2602339542
3465589232
3313721758
3284494259
898891744
1887413046
3471684300
3164027406
1022849110
1302353530
12379299
2560552198
2412894322
4015450853
764919798
1853308381
3414491170
1552155299
1500229768
178972384
1579463842
3820999097
4050129160
1856112105
3777985793
1368506116
2528208395
3614004794
2302774890
2363868880
784098463
397017074
1547273045
879208682
3283895636
3142640241
2617701302
2082683903
2866168469
1447717422
4191727041
3626687948
84118941
333491120
1341650170
854743232
3742138861
704848678
3366438517
1484435586
1695391940
4051996830
3703192759
4179819668
113983006
188969417
2746241429
3496351257
3706676810
1174018626
3680339603
1701537699
471788752
1111844787
1308949986
2053165648
4092026507
388474864
628696390
2052103447
1300883788
196280242
3124681179
156739950
3717522417
94388187
326921902
3881268642
2300515434
1197264630
3482129833
3254250405
946857817
3769231894
3770697223
1879872535
2675107763
11752727
2827234592
850617903
2967090511
828700253
1984878082
2148306111
2275307584
1593940835
245307806
1251792457
2150062682
981076873
190505271
647065036
241572596
3116363451
3465788465
2936201621
2584373689
4174348070
183747242
2853756932
1295579085
2687300980
3022776485
435695539
1852320455
575806716
3099141703
2375887595
2065150806
1064374276
499961110
3245523167
1495583488
2760337350
1737050252
1752173744
393909662
3436176595
3893480781
1173242207
2686088171
1923806878
2146216833
1272546317
898206203
2957235019
655697561
1630038769
2180012348
990770898
2708564023
3961831005
394755600
2598915707
1535112840
1817449102
1306746363
3813750676
1849444149
1139805340
1808390724
4287517835
3773921139
921757736
2387240676
2883049625
2740894696
3622328009
1677409116
549943519
842504470
2761391488
660404125
4251397757
3978222919
3142781394
1724623406
3480288307
1545532122
2190493487
1424712523
3264104834
1486624965
3311056602
3191695077
3975416187
3472593146
3376443416
3602654759
2911372324
149743405
2095051608
3643789746
3372257420
2928007145
4189381068
3179100102
2214272763
3416722975
2977457792
416312044
3891400585
1002716306
187240877
3916836229
4170966776
2970722877
460923471
4059134686
525783473
400972951
3825888629
2563744756
3187908734
1210950604
2854152650
2357970943
4253795622
3953454300
2736656607
1146158113
3824125754
1360019667
3980501661
270396190
1252564640
1647897462
3291327418
3366137675
4172876601
3864806678
3339078101
503311386
3917035451
2480403799
2581311884
3187097283
271552137
2016968296
2975722678
3509820289
234358723
3672039940
117899983
2059443105
1371257623
3450984562
2958682462
3317836152
853703923
3183600888
330674578
3018498708
235366248
1553964727
2735462212
2860079299
896271214
1967223495
1684846337
238190584
4080415929
4043822298
3727341234
3235932116
2388866178
1975789889
4274706912
269590765
1721504573
1227731566
652355678
3967727599
3357520786
3260422982
3786088601
3380622153
3745785267
1471406036
3420488445
3100599311
1059703699
287327014
1585637402
688328102
549562062
1395215488
3368114200
1200748167
1697118781
3648796093
2334819040
2090795585
4226831217
1949899527
307157730
3464605399
969834435
2161555164
2129173365
3487288127
2808933194
2813746386
3706398252
492513853
3752738392
1623159820
2596163797
2264560788
1826055734
3290984764
2191632716
484032690
2489106993
1490289051
230897135
4212257956
819693387
543715319
53888320
4146947300
4072702241
1503578052
3587454903
3683189506
3328245755
1824033388
4038029982
60678640
53355709
2017088300
214578333
3087840303
566809358
1020457791
2791886165
1638174799
3428220201
3021396575
3014892137
2297963491
3415194939
3098826588
2243057809
99368153
1803307717
340539853
2229037
3432999927
2479881025
3998642488
682036276
3845630479
3881872934
3984532542
3552349940
2378760622
3992178620
4276324373
2449335828
272759042
4118232238
136290844
3773507093
3498435652
2257976253
2222317605
1998196480
4091740361
3690252980
653056583
3609327794
3600455404
3768633553
3894824259
3236095502
614303683
1364541011
528630787
2187081265
1250848316
1120685406
173518422
985149952
623091572
3405330232
602844613
195200740
1271067402
1748825194
732247099
1786755312
2049251791
2683437449
413801125
3341209788
2952143132
3604931682
3163456648
373474274
2135552457
667540612
3773889027
588358874
3550903349
3861167529
3923480451
751531850
1766325645
1789638414
1071646747
2998586053
4208286809
1334772973
855065145
720467870
2549680027
3243763737
304505998
2298939878
4099388920
2792571336
1991836697
823790198
3063542248
1972100682
759268411
916225623
2467872423
728903693
1325870640
3169213752
438683039
2355565769
1642362755
3402765377
359398917
3647134447
1020597537
3257617387
1464325254
437139531
3528200337
138949142
3097789168
488824328
1150826105
1788504885
2109518953
1034150929
4002168296
1461851184
4275447251
4131021410
363868846
2016776852
3291731922
2479929469
3548158614
1678217816
1014725362
4239432279
3023186123
1011780707
4170569208
806758647
2506209731
558094750
2461176521
167379884
2259645080
3873176284
741048635
2099108045
2522308451
1870648093
443971494
2655815139
3681792733
3256989017
3100843778
4021025707
2536558955
1675304694
3937954531
1725171999
2899662951
795999876
3914537424
409255680
2218398631
868618210
3686244816
1629280707
3498870215
1137957605
4008145326
2796312559
3822682697
841999211
3764721145
664774253
4117853115
3418854234
937140156
2229856874
768239147
3177913981
1594137089
2559741004
1452615021
3419703809
28269442
839206100
1321450893
3361436389
3692962365
4064128220
4032580547
1547856785
1663012486
50438212
3843781777
3165668416
1807132680
2329482068
2092144400
1142764302
1607749457
2529404003
2258867814
1238217378
4230671362
340305898
2184044667
2038886112
3722933982
3690542977
1338554726
3324552809
232972767
3972677275
663315205
2154962126
3299530591
2815350963
656313397
1906178944
1880756652
2036037125
1945667450
3834655862
2202204202
1071864606
536714606
2228833332
662153183
2778811687
329391251
856585049
2438400176
431129708
2031789452
183137829
1550283972
1429651751
1097856713
1939903272
3908269805
424885759
2635922129
2318106329
3439988594
1641963552
3836741394
2474873288
2574468293
4108488430
1385027504
1531644269
1899795538
798311855
2593608976
2450360810
547978586
2445289559
2534529266
2429214996
2614000744
1389453624
47547670
294085310
1584204620
194916920
3703147317
4012007364
3926932307
4109089489
18654363
1470061578
865632215
2085588089
522605078
2455200233
3803607003
4219585460
1730718637
3423622150
437149212
3838870394
149402658
2575829816
302145684
2805853032
2299948910
369122491
48700809
2368651333
3584078439
1546496870
2354374329
2120882408
3140407888
3833004614
1198001594
1414629867
2485704864
3415315531
1858705499
80752064
2750355440
611772253
3547568222
428190702
2654557358
3902608547
3140777986
1980292573
3379250254
3267151027
1343985180
4095163173
4257222999
3680588021
1678367823
3380040991
2385203520
3339087817
1246166084
3827980364
310463910
4192809252
3850202871
3043624833
720064233
1197581602
4046176520
3932819725
3498404937
529483778
1847343851
193628474
1160348275
2583417329
2165876326
136918443
2032165913
4141611057
4111440545
476622035
3316614310
1809139332
1376326084
1190145754
667214293
3497375751
597386266
998281690
2631283886
2174442243
2165490913
2659346672
919638893
201582461
1397374945
544729770
2464556584
1835693680
1180873710
3038103792
2156134886
256687269
1978926594
4263702464
1078735820
2634865529
4277295339
4221080339
2084978077
1244082375
548214661
2234240600
1480853516
1236118815
1692787492
2686380911
3935587848
2688006189
572080375
168761610
2918420711
1091542547
1562003735
2546276833
617810812
1411183062
645888116
4165417042
1433427450
2405231413
105511487
1381684196
457173411
2372929098
3257671613
4289250121
3581874612
4147747246
3201659785
4183987967
3107057562
3446163069
4015335160
3506561165
66165082
1186412567
3507386241
2583954804
4138747249
1105371782
1643062584
799127435
1013719842
4146587391
2355560660
614727132
2113565878
1721834429
2487988288
2162797889
1948337430
1208711322
979872099
3076040170
1811181908
2694548532
2845057657
82364566
1248041702
3675353562
2959754222
1095937555
953571620
2389889350
3737914589
3781929835
927093108
2562695529
1995477304
3411874422
2903645291
1383786741
2993235145
4282072525
914450198
1770114770
1599702298
915113460
2784689162
3854593617
150568894
1856069146
1512084168
1597257978
622430785
607282441
3502103303
2818193500
2447938049
1370265760
3410061276
2432209164
3525242110
3223798341
1680458806
743738337
4118047222
2614392483
228606927
2469497227
3765432591
1141579881
3941905539
2617819882
1276729235
3004065319
4142504988
2645972892
2836728627
3688532476
2440222685
2547213882
2860938541
2458973108
2679271078
1654917085
3165117330
3088900333
866171153
543433047
2314774109
2655197208
1727161156
2609611245
955936009
2575723906
3517397038
270176907
822811498
629691884
2119737630
2532627786
3818923868
3962174793
2841721813
3182010788
481102611
3311443620
2134653976
1782687118
2859048501
3183167347
2133453972
3393769188
3721389934
2458859128
1269902058
649307792
1082370661
2012266235
913186116
3938295529
2438460934
1996597254
333402715
38502139
2502828277
1010216571
394172316
3213781535
406512912
2324455616
4208618913
3825362990
2186232515
4129020004
4241892828
1169234923
348161597
543822009
3792881645
1949721552
2899640419
185731275
2428741991
735481934
4218475160
2461780115
1468661977
2380086477
1082196656
3058499210
3302382381
2110524072
1419619771
2168525432
1398973400
389157471
1877178597
896433484
2199483236
1200327862
2103249844
930585907
557897920
1088236550
3313309910
1210746136
905992142
1654206038
3873472440
1423597461
3349321406
419062629
1211134336
4106615716
3975737794
517588764
2365444221
2670992122
3061687699
3765797867
3451988533
1419894039
2650458957
1040816616
243342107
942816770
1198660761
886151555
981000211
208759206
1960220182
971454881
1277668141
2854711734
1772734868
879990737
3244000069
2206173618
3960402286
1446176391
2562128050
3769001664
3084283694
3271371658
2849904821
1253775876
1388124337
2845526005
1953138702
2465425707
3715905919
542913204
896953638
1150863656
63718751
2170413442
3567181916
1110506904
2962498066
1908592901
2495418587
3454760841
3296997928
4274558938
1809723585
2558370357
2900586640
3793617080
1056254466
677859874
1676199126
4029985355
2402327923
461212409
1897496345
648494302
1740467209
3380541673
1513582459
1959346713
3947999372
1212612307
723520698
1033201242
670631545
1913556001
257372008
2562561176
1369966858
122100300
826857051
138799759
2190459614
348642021
1852156053
386972588
3009374312
3289235495
1958299688
906793454
970305121
2018667069
1028514067
1664301462
772128753
1779957349
2233827477
3666020677
2830837903
3164494185
3337248038
1404800442
273618245
3113541420
285598429
3105055851
142585637
1662703335
50186841
304237144
1436197405
4039313389
1816655032
719270579
1037497391
423677662
813059871
4238588546
1472133266
518250750
2834368946
4008621430
2125882598
1556552111
148839241
3047904320
3399544799
232784574
4223508631
1487580886
350596325
2792441532
32097991
1818123644
730546928
3733202609
1545778694
1852190886
316113706
3303796954
3002743300
3398576677
1818194339
1117844470
2454801399
114888407
2418543346
3553399867
199517201
147354908
1329516153
1392198191
2916301206
1975189780
2375048600
3288556440
3221130769
1180326613
3032399075
3508569003
4078243321
331443945
73830031
2215145562
1747938291
2128216864
2094648125
1344551109
3302113287
3848602399
1736858988
2275949340
564219627
2116524350
2429486711
1444769096
3407375304
2675575540
3905210274
546264448
2581913420
841357220
3923539862
3593948269
3907736207
3883152700
1141802730
3252678696
773188559
335579622
3453190155
1634553181
3053138607
3122258061
4115628508
2067774346
4139752171
4119490088
3528185764
2481329884
1654613033
1850018480
2453569366
3953893156
1021672511
2499685948
107336441
2970211045
2801925107
3886553026
2069257749
2554673063
1331353626
3455858057
650373456
3186946783
411737182
520837233
1846248158
1301151976
3853447149
545922613
2583262725
1103264236
1071239075
1504019432
2771466090
1206518217
2353282833
2727029916
2451633791
2292561289
15636444
1092071003
146989471
3035943235
3185794224
3820625356
1780876600
2218394188
139584907
1453380562
150445825
3148282630
1499366858
3805133578
3248904250
3372176092
204441965
2808140146
1959481758
3672530361
2710761343
416342505
513058101
1121905341
4227607260
2462539242
459151091
2233761339
2779974327
3643723331
216948376
1463671582
3014105833
2300918855
483063673
1587841389
3398460229
2395651722
3766926010
3126258658
763948016
1539489236
1591726172
3432416588
3694559900
1590546810
2404286984
3062153697
1114835716
2106178361
71806625
1965240193
2501102411
624440793
4062545501
2143445849
1573056687
4250057589
1950858289
229692098
3367269844
1121140887
1318025382
3567427670
2863589506
3819368108
3958916740
1580230377
1442941530
2603201723
3715967584
3351191512
1184680910
583767553
2749272586
1871951703
201068934
2233429646
2604546343
1762632174
1517254007
2708574486
3918168942
4158770152
2552349594
3129790703
2502284083
1240699625
1933330100
227143816
346056426
637160732
352067587
645462405
4085303688
4254980830
2474839650
930112104
3256254845
760212382
49682044
2332310628
2787800337
342815717
4139203523
1026097290
3609710893
120093034
2565933405
1351621776
805503653
1094271558
1149399904
2083742899
2406605762
2677039165
3491700919
3067761220
3761549001
3007946801
223057951
639198178
2838927084
2079273070
1202843572
2018160443
3702104364
3639752785
4000196997
2831900645
1942976760
476444834
4070753581
3933360518
3514495194
697971772
57717382
1029662201
2325171731
1648743621
1263539224
4025968872
3207558872
1733758121
154786390
2060652382
4180172973
2975651227
1814418304
2335661602
2376387836
296775463
3190515130
1894771240
1264819279
1504619164
3555823501
609009268
2975314701
3763760807
1136141129
334321887
4024046435
700294396
1226787681
1572620075
1269966171
3886506786
2189410558
3471149499
2186233982
4052346642
1436961092
3420113829
1563067858
3326005245
1371280949
127674075
3653464962
1910750721
489886970
1868399746
880759808
3450080971
114005199
3295028611
591941266
3917437108
325609010
2879292160
2177893530
1799131319
226519018
2769345509
591798612
894831076
3224634688
3694377508
1991446280
194819643
538490267
1488265612
207034442
2419344321
2149845840
908890627
648620211
3304448552
3743831962
1226410520
1417514020
608835618
2097719192
1862020103
1851056059
1474311175
2773253692
995932061
1662870736
3555211384
2401306394
4282811127
1210057362
2856321678
1780052708
2725211285
745513508
4264434101
3523811425
79490565
3663988506
2510995999
4060188183
1960927407
3764716416
2798745790
1072780714
2638766887
3064355658
1068538423
3944542309
1262180316
697416906
695400577
2747660428
2018814189
3375042617
995242125
364825334
1387179096
702724965
1454066141
1595283449
1571379320
1664963630
1932950907
1652071884
3365237500
3443941371
1021758356
207142461
1628757534
3800214287
417744619
309624349
780300787
1037499881
4182154685
1581185484
3704017493
1984854681
1979754349
3082095791
2540923772
2993637043
453994427
1616875122
2717154361
1510755278
380607711
3009507750
2514796788
1248424919
1275745788
2356728872
3582158071
3805563762
754504823
4086523840
2895759388
1813160195
266735415
2065212460
3769567989
3093422399
3240731974
4259767463
3791434016
2973571770
2019169548
665670848
1932044137
4175828507
501193214
1978061552
3691789808
2689681168
4023224209
1896043214
2789324088
2902777487
1365336264
117630100
429680156
1264700829
224843572
410884215
2210444775
3335768760
3140815914
808382630
1846722796
4017240782
3598557502
4042979868
3900198865
3347718556
1457308988
818743304
3050625619
1802165306
1295403855
661117335
2330556449
3208267993
3488096634
1156978095
2281951625
1072865978
1279441416
2076001430
3521867239
1967958712
1732015634
586487592
3490451003
340336312
1831815138
2018799699
368566978
648251623
3077607804
1174823202
1756864969
2728173312
1308606335
3636573448
3192709101
1022498361
3885805322
1899357394
1606169888
3163386880
2092566438
2310097476
1188255298
1763189450
3969068574
668532950
1561204666
721487878
1388311476
3912516006
2155564013
1253733093
820142662
1009541352
3815010083
2391280506
4037907512
2755041159
270100973
2304323500
842616094
1722355365
3252942148
767863684
1881845092
1027405693
2327448850
2802489797
1519474446
3046588114
968934126
2980952620
1602235515
3971822572
3111762648
3359100197
3689297230
3411832528
862810131
1200611638
657660731
2613650296
1702288908
2757313350
108791625
717789373
4055649880
170673992
3130411725
99243024
1852347422
120112553
1240114895
3584296086
2650379384
598488741
1281908358
1099385803
346738395
427172550
3376606037
3386713457
2644524761
2078861302
1624666830
637597780
2807129093
2231664906
1663177744
3338076095
2241085819
1766831270
3482376896
372486097
1463985126
3692849181
1801066493
3688807728
2900575874
3899286935
3140475145
2292274044
570981414
3785719591
3261495846
987225200
4170284193
972679136
483330010
1361667782
508428444
3553736299
3282008369
2293226053
1638890391
2139971215
4135767716
3439426744
2068929400
2162641630
3204853752
2431229185
2287585007
4070981151
1100869442
172494778
1146613343
3535020883
1211236568
910248251
4192622778
41294345
1615183092
3225977925
4072461851
2683779607
3555299439
3021615564
204253577
1666134067
526271068
74911336
963730878
2622404115
2344105604
3563183893
2935617985
2441134498
1526047085
2732130395
3003675802
3726546668
2797735112
3166313232
2029857000
1350171737
999374913
352591326
341781678
3210813348
1679613755
3811894435
956297409
1456273832
3242747410
3881862207
270777533
2158429476
722186729
3160668210
2063110717
3087904503
4193151140
1975592274
740145584
1681489474
1829909503
2870722773
3327745082
8235638
2006794350
1858882963
3685061453
2407586971
3149902533
2192043517
1985571346
3783171030
3624174379
2107971981
1362235903
528299397
3999396910
3409806324
2928883388
1039353903
416651579
4031369963
1610275641
9505363
19613501
584888590
536083743
3035619083
4102270268
1894919755
35157252
350892610
1321651979
2380717759
552926038
3100611443
3576804733
2953952568
3788156901
4104191726
1518578721
3320732212
2937521965
3224552373
2784212496
1884051404
369253787
2266828384
4030944256
3100566989
3171932389
655354947
4163502791
3623576935
1129540290
234585325
1138817102
2649728117
16823649
698681822
587789810
1876328434
507349919
2259506178
1968011237
3021839478
2557655698
876792529
2653125952
1172805484
1220839673
3299061233
2993108450
1144813356
3820608971
527052449
1432069139
3844351272
2576858752
587544874
3990720334
3348977756
3209543534
3580581247
612893355
828183702
3301698908
1263806938
984772632
1331464738
2730278510
1681052569
2653239118
440001925
3849086411
1864194283
536633659
3254473693
2977516726
3298762089
1414472165
268564806
3295776274
4114734701
3036722303
1264898619
4161198396
3880181026
3001834741
1699968481
1052344588
742814962
4244245885
3445384275
2121355322
612751714
3525920258
3424241249
2353186029
2876841123
3905357841
1788517053
3851553450
333650104
2928275364
1729473599
2997387859
3986465811
3371865265
3244717887
259650454
2167131873
2113874907
2810472149
2202100782
2520342390
642467972
3689673478
3156286673
3188347986
2145880929
942619585
2507291119
1016811330
1323758783
3760426331
3359718490
4293405183
1885670821
3556223446
37809851
3393313669
2584524843
3027323348
3987107137
893833983
1135370552
3115720775
3886904264
2880866188
768091127
1689902662
1908406082
993123497
1770584605
364055718
830930872
3350685431
3182671794
393281641
934295345
1815429227
1364885298
49707169
979465623
2411335368
1791203357
790680715
3380231568
3101342807
4006832898
2629433661
2283763021
2667467454
1779787925
1390657294
4088461463
2183984135
3621966962
1212218205
1458768997
924252896
2944694172
3709979019
3035096900
2798805958
4132716361
61632210
2272925373
196983534
2405073737
1113495229
3523482890
2384355808
1499113566
2029236741
129664601
1515559532
200391802
3138007477
1618922164
2519417346
2124102182
3182609925
1421966373
3401156557
3520369639
2035785311
3347526403
195363873
346396186
1414394239
3433837297
503559548
3278817223
1980769855
3536935336
4211925750
1682489976
2590374480
423509207
3891001763
3330678363
254725124
2372110230
481922315
1548498723
3763171704
1717055464
1039059402
1908706647
615716147
947489407
1891470451
3494016384
3607924936
128192429
2529973677
2682531758
2269260035
3021082547
546657665
1785402380
2924720104
2455030965
2797570609
3960066680
1207530459
1286638597
165244426
1643194621
1104004385
3702284278
149348801
2467769610
1002663371
4271414799
3105129789
3915176285
2298105014
170474018
24066928
2912740514
24908658
1531484526
876832731
639731814
1407287008
1369964119
2695695032
731644186
365436426
3151893685
300365173
561522676
3301571027
3739880612
4230690451
2967285054
3104252525
3233017260
3269416734
674585007
4096937507
3594790323
337303395
2541631593
403070116
2320260772
626065414
2073319024
4292889421
1707856672
3480087938
431861199
3621508458
2360501711
2478478204
1422518872
4226528317
1954871779
3957704387
1215270924
3439555455
35184682
190022153
2705581296
3197768405
890078590
2443715140
3366280447
4259405847
350414288
3682511279
1555627523
1084261689
2723535321
1840380607
1674633856
3780782366
1417229590
1398964939
492215469
3301981182
3661252600
2503674937
910096458
3963918299
3076473011
710952348
3195010746
918305446
393109687
299424757
781943837
389271733
3792546680
448598595
4070899999
2447815967
478611391
599785566
873972614
107775659
3863587947
3212656005
3678317529
2304447747
1469464963
3736559174
2811320070
1292623064
1446443016
2530651598
900132196
3302307617
1077115411
502565667
1195861298
968889198
2778797582
3149649517
1127183776
1975019857
2112133673
3904398896
3531869626
4098969568
1683858842
1698772750
1267425748
4129923807
3248917589
3119338086
4021355116
2193118339
1650595506
2718498941
4267193411
2526067224
2897098976
2397739464
1073637418
3541668886
270515605
1908823462
50130236
2916919672
1829870195
1185840024
4251645273
2019270139
4275669986
1516062860
1862651998
3897727991
2496843671
3967116837
3838619582
2686100180
1270573334
2186631409
4209326027
4274669928
2553112281
2251403096
1139940656
1761907128
3982994102
895368533
3381582498
4289229884
2057620753
316673466
1401120660
794561673
2747760512
759335174
2078606653
577127743
1759372944
4047507463
748345233
724221629
3622567226
1974058010
2861034519
2922197866
1280634265
1260858577
381512631
4284675984
238271729
1641949175
2552426460
1890405422
1202017026
1941805778
1555727070
633709675
485688102
2804300557
3280589835
2986259458
499489897
3350381102
267373595
3152990151
628506669
2021797855
3874167410
3668317537
1332948399
2228837888
3970280696
1271627313
41763871
1944736226
2099165138
1934910291
4269610568
393370403
4129983767
2841705546
2404364438
320684214
2036421578
2706607730
3406956739
1739920422
3910511173
968218852
2851351744
3999091566
3774180619
1873877695
2051798520
3200187586
3845495429
2566365031
1693204615
679999779
1620666425
297927396
329682386
1566495900
3813665749
3009497186
2936140694
772391285
2320603604
1429929631
740107018
2029008695
1757270396
1756458149
2634503779
2498986053
3895815506
3958577927
2609263244
821136303
1047881795
3907628808
4224034890
2424937876
910925375
2108384623
1070287342
1310690641
854101820
359834209
4085767665
3363213843
1427785079
423325069
2602263853
3692395447
655698140
2129575208
2944652550
1133180003
1516152253
373115795
2014965216
3351176821
2191717222
2579057748
204463725
4028722987
2098189578
2768007789
1906486676
1057645561
2381761758
1004586295
2772655646
1466233993
1531273063
2689792884
2658923123
721119135
2614751675
255248542
895228288
1391736654
3454057401
997420087
175630894
2374589869
1605676434
4010697240
2833831631
3304999632
3209320604
3731019897
406642316
1213691955
1785552568
2304963747
82734878
3794573915
558561028
1883939714
3290611087
2808107793
170059295
2947982271
3713467708
3788165221
2086900983
1301207775
1602467285
3710912642
2093910937
2886381496
3522183401
3748106142
1070073584
2513528735
2045705664
3235335817
1015068140
411794762
2541011074
3656786531
2231225533
1594831658
364964767
6578408
940295862
3328974511
1498739959
3898554709
1337277426
1240351602
1665118698
2164047787
1170837805
2809337869
4193255716
166277901
2160111674
796298080
936800266
2928453362
3677337431
3080631207
1128143389
3493621383
1370530848
3658379710
3962757941
4120102831
648776448
3191629065
3537517499
1174703424
204596664
2715623413
1841710762
1307755047
1910002711
3896699055
209039688
4114938078
1069574718
678005835
3812592041
3825371235
584379321
144709895
548737004
1959605851
3361206816
2781488590
4179995938
2173225416
1113448091
52368072
3810218249
3819659093
1735109025
516281867
4266786320
1983652446
264790974
770872335
3917322984
1655167981
2996232230
2323130600
3411609886
1311419271
3985647526
67385890
2144411074
3592403523
1631985875
2084398774
1630975546
2434493903
3505025630
1214584522
3617619306
3124025978
2671761048
825645921
1375670887
244639562
2188507777
123131322
697399009
643060755
2295026094
468020425
1765217592
1958167097
2956320101
4114741387
2265889525
1224038967
2922660590
1548238751
507374569
270393292
3893500704
660565895
3486433320
1606051263
236283846
3701798755
570675007
116663048
336123932
1011023139
2410986794
2519268677
1596002839
1968077511
2507287531
516988373
2103216650
233893056
139880398
1435828566
3643708554
1809236534
389973006
2730843340
3159671056
2005597042
2505269351
405935757
3610626354
3635683654
145005853
4177534638
435624677
912077351
3970576954
663609548
3236313358
3179109000
2102265788
3002464260
4009383272
2739470492
1650590557
3493719379
3112259539
3015236476
266701962
2307190904
2428062029
2436642231
574015207
3244106167
772413671
304932661
1184674794
1252264524
2152824100
3228450654
4099161846
1166806898
2301665583
693923001
2586965103
3057094707
3856185220
609972355
780562101
3085541505
2977409896
1365365210
755474425
3076172809
3763433266
757285229
3379657831
2770524605
4289158871
1616042868
3992175026
1839940370
4208478634
572847946
2582326875
3888569649
3401427803
3021803092
112694308
2014949697
2710461876
2267498194
4037997619
3005747831
4100335013
2659097537
3349663664
4053659991
4017236818
3794044208
3445078803
4130775958
2693405171
3165478662
641110566
3415173175
2590866348
1932961196
1133676475
3596562357
87371991
213634583
1758165177
1342085641
3853377854
810621217
1997784683
1281790036
1032094693
362304261
60050903
2936391508
3986575181
1125151048
1159036403
3726621972
1187396594
3231078493
26578503
1185659824
2699632318
989477453
1734749828
1936647945
313922254
2201476809
2865020690
2254317758
3238036946
215295146
524370897
775628290
4002916935
3415021547
1299156779
3188016074
352231199
3380373945
1607301768
952477667
4109953266
2547379671
3546129411
1618762027
3634966254
3405531812
3128797552
1168059613
3501283978
4074729927
756146295
2132055258
664453786
774173681
892741707
2800001207
3046951045
1305011063
736301775
3958995465
3130369743
3473654783
1797027905
3279564374
194264972
830944869
2194965818
2599818150
795599152
4154045160
2299016644
2057755015
3745106151
4239412218
1005616144
1894663807
950702871
4041528481
3033699912
214914388
310927153
3261731759
3632620543
1851099584
262942630
3062108034
669316918
798615375
3554213105
2937789207
4220597909
2085695522
812829305
2788419239
1488146314
719145305
793747061
946209393
1033630623
3982631476
4041659693
292189622
3830581236
236567247
1672893098
1553703772
2631987596
1927799232
2296854967
2801886823
399415699
2193194449
829615304
3915462795
620925058
742423662
886492369
3045733771
816112740
828884354
299740692
2929821676
1268695702
1499837146
143510549
3385816525
785606174
2640187449
3957261656
689873329
582443618
2915344714
1935489750
3930515163
3299678191
3004357669
1588251589
3514358877
2084710925
2714658861
1918801652
1745315945
825835737
3095150838
1486991223
1814104297
233733496
815388650
1426927179
4059214668
656813252
1031520261
2542183143
1076807624
1084861890
3773122907
3427400919
467608000
3394960066
3736812242
3583488742
3844984101
968079173
634326332
3897341937
2002746637
306812984
3360808584
3993760015
2592061957
2131055565
1935120211
1716782777
2180023126
3859194748
3421400444
1449495369
4293983848
2362908636
2048109338
742301150
4026948528
1689276853
3465120519
2070524742
78817219
836999109
1761057558
1309063288
1384154133
170200359
4199641875
1518724715
4120721574
1175050993
456437662
2953386797
1269510414
3528147488
2141203280
429664768
1195284785
2147220761
131413288
3917279999
2572293855
2283641781
2289009835
1599540019
1247737198
2474815234
1157116699
518790500
2804320625
3761414143
2417106914
2973331625
93508054
2659415176
2023802201
3208734650
2062270896
2768745390
2935433778
1878590782
1253890346
1946042389
1444085243
2989522081
1540045923
514474499
229016953
2019532339
1464687705
2652912021
1651790177
1613761072
2967396576
4117516047
4143114895
166956085
288027754
811837481
117545815
26539529
1131684409
3625563223
860147575
1222239432
3352780053
2504053002
2343027024
3565851854
3704034154
818099017
3949288530
2554433839
3007863050
634996219
1953535030
1407070599
3313113548
3160178281
1345166941
3589930190
3503148455
555574440
3205714889
3060801946
3355532062
1013899788
81274366
2060527302
4145392848
3015529127
1529536333
3107263692
2389823132
1491825123
624339582
1472147308
2597544477
186627312
2614465035
1702169433
297746939
3657330251
1852549039
2002099308
4012291365
605517593
430785666
1724136248
3540666266
1982766610
524340061
3044054591
58762441
1085184588
1844792378
277222567
3198984613
3406584873
3779034297
2475378416
2652292122
3898707449
2882505315
1770596910
217425876
3783656041
2832903620
4143638074
3130716545
2125913854
1073021025
1718392275
640603995
879395237
4021093193
4213515667
705129740
35837534
256802856
903385931
642274792
2212840235
3024847726
2525484350
3179069806
2983130288
325399329
715269828
217605346
2622735030
2234914283
1659394250
2140927954
2396688325
2657661714
975710986
1693952541
2823859128
830886508
2171544760
4033370736
75402398
4230593843
2544259187
421362364
711386255
3279673451
3698934094
371934946
36570092
3132166690
2500110956
3504544196
1573598118
2492599267
284512504
172831610
3564002817
2141724527
754768948
806469277
2579498221
1814014812
886559719
3309426516
4281162144
3534864636
2483213525
313655133
3444405472
3274557945
1253144226
4278753884
1433606541
78996315
2003661276
3059619837
3817041662
2527666046
739662683
4020489538
1737708801
799189227
848925980
208197306
1718440136
2088371806
3476260777
2277762868
1262857811
2688390479
74573299
118990621
2824978675
700327674
2001767509
3872615386
1943526673
131248856
989882543
2835474522
3275364331
3787506463
4057187233
4256277099
3396051270
279416314
1330128891
544020999
2606868992
2982749717
2765516731
3804055292
2777663786
221628795
2281055597
3138081308
207426972
648535171
1680079409
2212979850
3676201686
2417394986
1367370557
2000003913
162215970
1778322915
3157107051
3371808714
1382814133
2297688946
546956141
9192439
877359741
3492754428
849676407
4132121370
1447998550
1056580491
961401383
1503606996
1064630730
3067535576
2246850285
1574535006
3851676587
724174749
2069656329
56832932
3085942902
2525414919
3499372176
3024557510
4223036666
3354725944
113888750
2006200975
660118440
1738041157
1892801291
934831923
1029570338
1960043530

0
